1.1363238285509416 -0.1815084554311478 -2.3553147586103225 -0.931103074666355 -1.538730687763405 -0.5788198537026108 -0.8060502538747009 -0.036559007568610996 
0.6194205401551187 0.4416372293786949 0.6687365885707558 1.3558894236724928 -0.018085899619508322 -1.6054971132686084 0.9627153746185431 -0.8262668076730222 
-0.3301142200192065 -0.0031167975163881563 -0.1782625934455097 2.4286009628847123 -1.4909569921912824 -1.28022464041988 -1.0593952654285201 2.7241352490014665 
-1.0630585772233372 0.7019253264909033 2.264277129770235 2.012710490599829 -0.10333376718059144 0.38850454843425586 0.08238267424694597 0.9584462717886855 
-1.6605668739283488 1.7817943188094365 0.04312458232058267 -1.0417985970674961 0.13488730085016215 -0.40292003386858743 1.1208398320773398 0.6780472923622176 
0.2613884082497405 -0.024746919678741146 1.7261717223610105 1.8516547098239577 -2.328923695014135 -1.6908183427626717 -1.8909738091842383 2.032234854108338 
0.2736195416149091 -0.7937814422702772 -0.6073540581794865 4.076003419830245 -2.47086763914804 -2.08433043316876 -0.4968495260413231 -1.55565522200796 
0.22422881648511656 0.12716395395351926 0.1261155343330248 -0.0956552188556029 0.4590642066822112 3.89484547290299 -3.1509013764727065 -2.841714259087014 
0.7680318802045467 0.38515727248540477 0.11527069213632919 -2.351713075210775 -1.450335788050758 -0.4406169484785983 -1.2811080002899229 -1.3095779307825741 
-0.6546046793917522 0.0005339782377977919 2.9891644971297255 0.9604416775221332 0.7162856531811733 0.567487791125975 -0.24474258673657298 -2.175416052990673 
0.5005151442023704 0.2192494028349327 -0.10957245123746935 0.006207637305923215 -0.21593194234484386 -1.986390281726302 2.1163897399701668 1.701119900723983 
-1.677681604080393 -0.31643115134741784 0.3261766085145393 -0.21175406311408715 0.8203790544384957 -1.5375276229484012 -0.31624239064630494 -2.0899725741446815 
-0.7348996419471898 -0.0692013324689535 -0.8668469076210499 2.033111716188261 -0.4616707700311763 -2.003101484725873 -0.5467386432964891 -1.7268126749979291 
0.20834856561236223 -0.06242166733079614 -1.382300743146782 0.04234989423340535 0.05410618625706476 3.5323507883779635 0.09671354227718984 1.1864896536153544 
0.5720013162472897 0.037010514185990974 -0.0914295604924203 0.07774624592002882 -3.231767545567471 1.4399933693612177 1.394295808735261 -2.2000269755434747 
-0.4396825626470643 -0.1080927651843844 -2.433138158131634 0.056338938746017066 1.4147006795168142 1.7264600871703502 1.772914321646744 -0.5670871038589064 
-0.28909748462745644 0.6400897031943545 -1.6521532992373604 1.6669925570531887 2.4348005076703045 1.4587976282682076 0.5214151927559859 0.2521428468827588 
-0.14990876338381656 -0.409904913566473 -1.7944134594998655 -0.5070621211119919 -2.5071459372373868 -2.3212255339784145 -0.11145663809143457 -0.08731961943257069 
0.36025462348149656 0.6582989277523967 -0.8588737516562861 -0.16444876868960256 2.9988244858416504 -2.0885390629756695 -0.4679441609839454 1.492285295818161 
0.14578946689449565 2.8593451866145836 -0.7388334316696837 -1.6639287309542827 0.2767180455886391 -0.5833758096986644 -1.578850899225966 -1.739907011711322 
1.1948446808717863 -2.019154190257296 -0.37959284347384387 1.536330321482026 0.10929449307621442 0.46696582028095934 1.3291899583696294 -1.0944508226055683 
-0.2717609082030189 -0.4180448644520972 -1.0733479245472894 0.045312106688564065 1.054288421702873 -2.4910545969911952 -1.2740945744550385 3.719470574361842 
-0.20845235527712183 0.49345502683136333 1.1572988892726073 -0.5092585323762326 -0.21721971710055935 -1.608388144440982 0.49332373868001994 -0.2684986318189778 
-0.44884998550920074 -2.29151571813447 1.114950656182286 -0.7396643352760935 2.3145597568216343 1.2830759043008702 0.936179526856134 0.6039115172410296 
1.1272120246669088 -1.6726610505222712 1.6103529851714542 -3.0912439421419173 -0.3814424298014494 -0.610116200105671 -0.07199963657325102 -0.8912912847428521 
-0.23622126116145215 -0.19488842630664746 -1.0263752390733587 -2.107419081687667 -1.2758023587738634 3.368355300154885 -2.9954096428050874 3.1077587382037106 
-0.014818863066490311 -0.63729226997635 -0.3640662797826283 0.27009789798895584 -0.380384207078983 0.06288515247470522 -5.87890497902285 4.608180819882675 
-0.08194144572249575 -0.2817950710851612 -0.7575017288198931 0.3405327325838583 -2.2811705440078325 2.66273335879889 -2.531313803998835 -3.042937751740756 
2.0986052203149312 -0.03867157866013016 0.8803202700609097 0.49193632847060564 -0.467832732566702 0.3791821665455189 1.1604621324908604 0.28849519561410214 
-3.311776769916315 -0.6007206693971164 0.11748306045508014 -0.9522135257000995 -0.5327493633764292 -0.4508379435838117 -0.14802380989395164 -0.6279425384199908 
0.052919799344124725 -0.016280526119007654 -0.3374782694667904 0.3736675011247043 4.247156948330594 -3.354872991713211 -2.260876867302536 -1.983332990287918 
0.16225636565528723 -0.2463737878951188 -1.517870574866056 0.0022864959056927477 0.48250864232860474 0.13668146703623701 4.344877730142007 -3.771787926022944 

0.9331894483843145 -1.8549288390571625 0.5166471878003996 0.07283049802470043 -0.31185028181328744 -0.9655596709569814 0.1535924866593736 1.9770825963693075 1.3645379593556373 1.5972667749036324 0.376668567148727 0.2686129556139982 0.23687199708807918 -0.8979763872671284 0.2396110428050697 -0.05836849331718853 0.5716250378084632 0.13007283881714474 -2.328692913741849 -0.4966390869824534 0.8890313602126865 -1.8882974820427787 -0.17802412493313702 -0.6040290312306106 -0.2750541100664542 0.9473335994470765 1.4994362861383819 1.5984823972476487 -0.43586681313099185 0.005974499855135099 -1.7361704473930517 -1.2746390907442144 
-1.3774400097697326 -0.8882965214392672 -0.3725742755862789 -0.8423346516781287 -1.3613693801419982 -0.7633898904768842 -0.06455271359329444 0.4307302144403756 0.4728541347805225 -0.5359314054380381 -0.7833681856304202 1.9619984494097327 -0.28863027309886713 -0.2209466461428152 -0.9062995881054401 2.2710699041644693 0.1913192300253349 1.779240828632589 0.8921897658106077 -0.962908077293717 -0.3440597108644215 0.7154854608093077 -0.7034675248302578 -0.5142515972489669 -0.6960117095833193 -0.01173673365133984 1.370773532120347 -0.006660596625891307 -1.9520107862126828 -1.841378824015165 0.49078929000971916 -0.04852771563425771 
1.143640505134566 -0.5040242377569664 -1.897685434174508 -1.4162809855097953 0.9403322688919482 -0.19154463542417063 1.5148239512101327 -0.2996069624664446 -0.10305388558211509 -3.5796387789615705 0.38889523570192513 0.36876429863382293 0.5183198407062528 -0.8257115409866557 0.060148858320163395 0.21701092741051453 -0.8339413057252967 0.5026110905946473 1.0188755285075135 1.2790441965349593 -1.22949816862158 0.4773375026823249 -1.029128065332484 -0.8749220153478507 -0.09265080605760857 0.7486617709767341 2.8456722713919658 3.088638970516884 -1.2296437052736358 1.8588448693909099 -0.7444802669699911 3.869911201091886 
-2.6827182315382685 -0.585921149150123 1.883515019463778 -1.3279040490762046 -0.4816311727173655 -1.1352648230345832 0.9866771743677808 0.4253613765680762 0.09807352883993159 -1.2354841386519457 -0.5227468817052014 0.46847481274711555 0.1841389767322486 -1.0554309270045952 0.3958861182126791 -1.1517324135037155 -1.5374484130933943 -0.4620862774937014 0.8322121621231369 -1.2468308945631137 -0.17442720207858683 1.4799298406729522 -0.04597592750437798 0.4048652257559187 1.739221825630414 -0.025808533307617072 2.2046528710648947 0.2441184138653469 2.5102483521290244 -0.4513755039447848 -1.174832114804452 2.8495683880416376 
-1.6227825617315967 0.16896720260252804 0.8435280529426761 0.1361465978220998 -0.6964896038796639 0.47243004675069916 0.07324567233471052 0.13348965124591686 0.6122813918299143 -1.6445934712542196 1.5242929443928777 0.6127243203715659 0.002211823183046556 1.4494770332399143 -0.6418647077972712 0.17057606791765378 -0.45733137323069023 -0.3573346085442077 1.1362613779747623 -0.5766391436947323 0.30491128063965933 -0.6031002350916839 -2.999813299441834 -0.9599214663295323 -0.9345859357554667 -0.7341445901802203 -1.3424603799431565 0.5580875315779203 0.08328100165733059 -1.3883480796178753 -0.5702003151377057 0.019017612499204507 
-0.6073555697118355 -0.9783021969839798 -1.3635560199554544 1.1994795067439132 0.26270689388351337 1.66255139992278 1.0392047837340113 1.6093439818465407 1.0411429621895318 0.8340060913636707 -2.0920856855005567 -0.9688295301691989 -1.5818172370600225 -1.628187620039418 0.1921192318422984 -0.9047722211008958 -2.7487549288614677 -0.5078421732526118 -0.6176627247283077 0.8231202225785155 -0.32023694572781314 -0.7434807172117611 0.16695776673581023 -0.047524717299759774 2.4067617639722374 -1.198186852906611 -0.013037442750304974 0.5772692624480901 0.1616237457520007 0.15584983229999508 -0.41844326147093586 0.4319587582406268 
0.4008505410008473 0.5053556101434169 0.35661514153973634 -0.38877030497836196 -1.7882966853377575 0.11374836858724334 1.4170958052434952 1.399623941363379 1.7951211478342561 -0.6815687774081987 -0.6256788319300045 1.6787168989265446 0.5182518366914405 -1.0912636962259097 -0.5484012964196037 -1.801339485569848 -0.018299803064711462 0.9670806584148388 -0.12301853719039893 0.2303701000537755 -1.3603781695656116 0.3277483814814237 0.735818977021447 -1.0108864096149943 -0.7085356338145283 -0.2366436202767296 -0.6881701064360909 1.4207169881768895 -0.2871787871693384 -0.531517282181483 2.322513152489196 -0.49369660087904854 
-1.0272034720197722 -1.2167410169943849 -2.9917709770207774 0.4047261174448007 0.9425172569149286 -2.88909914859674 0.6436448937177287 -1.077096944454302 0.19015469772097685 -1.2954289412540494 0.8736728129687518 -0.6181526062177378 -0.12264901564584561 1.5130509813332782 -2.374990230958502 1.8624938624208274 -0.7998523202458868 -1.8723766310432803 1.4198755255364488 -0.5961904096400358 -1.0818543818412965 1.6814048510913855 -0.9071093011370137 0.27612688046889844 1.0326595139880217 1.7979786450810062 -0.555763859046427 0.16374850093472323 -0.6330594701636029 -2.999288492758355 -1.3737535433367816 0.7660489080778206 
0.13270532140050972 -2.2740463409039355 0.25095553392840686 0.6506204814348693 -1.103865261707399 -0.5524599082056334 -0.03775482528042377 -2.390545047910315 -0.23760314956488168 0.7161328753975713 1.0980369372679117 1.1108252767884963 1.2986762417456974 1.262616562773139 -0.2469294852449852 0.31599153106302974 -0.2897600354159187 -0.4556448858520776 -0.35950069493535064 0.34645927014121003 -0.045161483674238445 -2.1430039799455134 1.0010146192423157 0.24830115992391247 -0.2917562513991389 0.713888871883662 1.838367855858547 -2.480492659333746 -0.3021900064646369 0.11753880664952385 -0.4994814760427871 -0.19312082554363555 
1.8112074091585169 -0.40078715010484567 -1.1653991981250842 -0.9083110557135368 0.6235099453205248 1.6819023626937735 0.7393901471216746 1.068445337884135 -2.48250475329331 0.40458572148363203 -1.7763925491851247 0.03902181858738901 0.8291357443077944 -0.3979310543714874 0.6074798710579059 2.3969763704353633 -0.19931767022156438 0.19772806327005749 -1.8964381013912548 -1.9196101965923849 1.6861363558499431 0.6106856990886558 -1.2171173132435156 0.4409146337256721 2.540185515074226 -0.32292228224371483 -0.7342737933386589 -0.8617217630302336 -0.755644913693825 -0.8160214256920971 2.6045318611685646 -1.0827015636269433 
-0.0922649932786463 -0.6782190938596625 1.1694913636515325 1.43722458961105 1.173834255934955 -0.028748291006569435 2.032242314279683 -1.7074014544205063 -1.4912678168752915 -1.5541731398278542 1.0589094378482864 0.4195010088115901 -0.37429067212789713 1.832361320668768 0.6379559364023334 0.27037311008085024 -0.17817968125706488 0.34198931671548505 1.3593751004221086 -1.5334795766484255 1.1456872775791156 -2.1337191988046262 0.1682618475567887 -2.0571053952935 -0.5952749017460438 1.9981561418867706 -2.4448686664836092 1.7186474630102977 0.3975847674845151 -1.2128843108345464 -2.1203211976173404 -1.5359538496119463 
0.9447476581689827 -0.7210814795732405 -0.8164362922319212 -0.35551217216406866 -0.33792397624867226 0.0791937727638031 0.8577536706197069 -0.5439360223503426 -2.5343623283591494 0.43784908927402355 0.3211927968442821 0.8667796133423815 -0.47696835379659 0.12203852165306162 0.8188864112438784 -0.5544757157133373 -0.1507683855021472 -0.5919357832631744 -0.9288339466743493 1.6839334212520567 -0.7480302249801023 0.7560050225061218 -1.187603133881363 1.0752785383821084 -1.085310284532353 0.7479207858628166 -0.25539281618489573 -0.33430835936692227 -0.21910039316953744 -3.0139544853280014 -0.7618202667788903 0.5734103154163602 
-1.3460747678044813 0.9640480163766504 0.6522604963428219 1.4351587057826525 2.3843098732405927 -0.5687096526820798 -0.9354454344885412 1.331316430335884 -1.757365218087065 1.2909968156738814 -0.7983441408116329 0.5056243400981887 1.134929367360309 -0.7649368339057233 -0.26649330457483394 -1.2474955158913834 0.9072870108656776 0.7271909305392492 -0.19575717792820307 0.17650680412260927 -1.653370419666521 0.03621376785659744 0.44765903827706294 -0.2332323198929827 -1.3061327727027177 1.5641530157932702 -1.9685694219918601 -0.9629729513751265 -0.18427928037908833 0.4859419435410884 -0.3622173175140525 -0.1757203938202768 
0.5535808152019323 0.5314094922466873 -0.38696037604666295 0.7226308650320312 1.3535749400922434 -0.9982165063486788 1.1740989542247822 -1.580013308078046 0.1340874136396615 2.217041669781935 -0.6228906603057122 2.132062345007108 0.28333242483837007 -2.300662449843453 1.644638735634687 -1.0690897692553671 -0.1307633148246885 -2.2373344852501638 -1.5535857876714634 1.937135057177914 0.793995823291789 -1.0002133355733818 0.2957183306661337 -0.2727924024581489 1.7268743027449305 0.35078184496403225 0.4515214800149026 -0.039757645916038795 -0.1347275120485338 0.2895163764226415 2.4544229030436755 -1.9883903772413334 
0.5940288553684739 1.2754190636978997 1.8439233911080688 1.5186957081998886 -0.8664565575786879 1.970438312554822 0.7330390794767717 0.5132767506324575 1.6808945805235977 0.25994718929497695 -0.4136701271200856 0.9052233919289417 0.5553088042071347 -0.6130889829459599 1.4810624969887245 0.7266053860311061 -0.7044122327335773 1.6979493591283337 -1.081135625682357 0.9782788125012645 1.2994696181892862 -0.4896387254346068 -0.2593943863237719 -1.9108087176013366 -0.7027338780853316 -1.2921177331552176 1.6138013900879904 1.2464518698440015 -0.3839377968044043 1.511507411703611 1.9263555422667127 0.48924806536631993 
-0.3105419448446948 2.5876585700819708 1.8419841620549093 2.3508449311283632 0.08152669979426151 0.9687154714010691 -0.29079754489062837 -0.33454416461761044 0.2176785245768318 1.7636232515390664 -0.1006853112040449 0.6909184211962975 -1.4323073127020833 0.8214687125678333 -1.8280691126242543 -1.8809649564097388 -1.604703674942791 -1.1326469815035762 -1.1559430398565773 -0.3386303451905091 0.1945624031291205 1.0480962451442581 -0.7070126759529174 1.9856684106834688 -0.03319316508844177 -1.5324936695585885 0.04387249789694607 -1.4430804444100094 0.1400843518705199 -0.9455605191302772 -4.142117957890621 -0.23462778552469724 
0.5477759191403607 0.6111296013117637 0.37999376236745147 -0.15953520094584797 -2.095614545767458 3.1133484708351795 2.938495021447567 0.902578162902784 -0.2309888194973479 0.5474671067196826 -2.8353363431012832 -0.5369878273086622 -0.5072625494433741 -2.3480365084033172 2.4160122681507685 -2.4414372528028188 1.4222161099905286 0.2302519121418811 0.30945995247700053 -0.5343974733294327 0.42842675812714126 -0.7381712620060261 0.5427924665351691 -0.25601268814695627 -0.6537232565823335 -0.8156745833349942 1.0856176388989403 0.5257774396592072 0.18194833128080412 1.1394173958187501 -0.886104627849814 -0.14126325130710757 
0.6259367408358912 -0.5857248650885868 2.22523242598118 -1.9760221811709757 -1.58049344912138 -0.8260424019902871 -0.9740340820254068 0.36641400540053726 1.400195542080639 1.6035815296130014 -1.5098846032072446 -0.25538667685985905 -0.06452978252654415 0.7057283848121934 -2.24070510745726 0.9686118959714008 -0.7509240749629396 2.769428602102298 -0.9565412946748931 -1.505911374615683 1.124261202805929 1.5077574156349223 0.05729425243326926 2.0988484846336104 -0.20021967048146627 -2.8351756879525354 -1.3560585141161208 1.9002628474286596 0.16998737743008582 0.3886019485957989 -2.1729037919700467 -1.7544187744110362 
0.45623741757940145 -2.080512083666898 -2.5753700577904244 -0.37786980645060997 -0.45496069492684116 0.14720822934193004 -0.5167193955926621 0.4682787755561126 0.8361912055726198 1.8911220876393653 -1.0520519490087286 -0.7796999651361746 0.5466990824778235 -1.3037315650148102 -0.7683910752794813 -0.13390010239753458 -1.159317789391159 0.8972688421298576 1.2176810717684308 0.7594798081614654 -0.2957526797378227 0.4417639731247817 -1.5940788136505224 0.7124195826814704 0.04841044464398967 -0.13508279952081034 0.08901682123454994 1.461388768289144 0.14742109886723928 -0.8963773396141217 0.18227445587402202 1.0276479983884663 
-1.7836771549127406 0.30201915369185617 0.8249051387387762 -0.25661303175024536 0.9255504722121273 0.021525330054704545 -0.4977690262453546 -1.1680208359092237 0.29628736204617556 -1.7417733456070124 0.4376433466820135 0.5544873520879785 -0.032567007780146554 -2.1874397932658374 -0.5564883880756455 0.8496765013625377 -1.0555966726723693 1.4941221721050881 1.1239966205712566 -1.950346183862594 0.0749640957179248 3.164571590988408 0.8584095181952934 -0.6943922390213135 -0.12379633980743174 -1.989993709081183 -1.7378953034289033 -2.2122968087637975 -0.37314789375795626 -0.1107510433054746 0.45603799298041847 -0.36346889754573813 
-1.7041988142294633 0.5244600551606599 -1.5515227857048346 -1.0929028205093474 0.5944660667275615 -1.7516945210239603 0.5691633145353623 -0.818424131923488 -0.4900970734404349 0.6932004628718597 0.4535518358021161 -0.4604005250936838 0.5569752949137906 -1.2599858401195312 1.2133842506186725 1.4210237200801938 -0.1320580772359133 -0.8375884706032751 -0.18407907633332532 -0.299203948302096 0.8384304809382551 -2.877507395644465 -0.22725139438529363 -1.0555729788469637 0.9556141904916219 -2.094641695383033 -1.0019020645953156 0.5079931833006468 0.9799464676298677 0.5341697389226184 0.4890634131994897 1.7674905962393854 
0.38229551817468493 1.2588906206443613 -0.9378163047264098 -1.3178450675345799 -1.0078466755203155 1.3221920637054607 0.2911935664448908 0.12335501762086071 0.2691461524795558 -1.1839237882135034 1.4478345101478924 -0.04726083797675982 -1.0439661762485442 0.6042745248827633 0.029592102177138358 -1.5955768153660042 0.6809530059792215 -1.6643835698586276 0.029762034617806243 -0.32102260454004194 -0.0784739765796544 1.6819936880309343 -0.7782523682468628 -0.844606626115993 0.8362165827981403 -0.007290218023514148 1.2978449709248892 0.18474321120387732 1.1004732653998839 -0.9711659819796538 0.503077040839262 -0.2625400023493864 
-0.7855459609088933 0.7490073003195128 1.011552325842578 -1.9569495505403551 -1.8512173851342921 0.8055901870910943 -0.3213652337763109 -0.5317769810889581 0.6969193280590472 0.03581211271467939 0.06612566442408381 -0.5457365641438979 -1.0435418744979013 0.6792014466628048 1.9272061682815285 -0.33818547331964344 2.4323653699842955 -0.6893929689789318 -0.5555427699709254 1.4634356717067476 -0.18773129491035442 -1.0713029234059805 1.213577241111804 -0.30646516667622004 0.2622788541064261 2.1728683654123615 -2.1544803612934076 -1.486898926785776 -0.4542200462059149 -1.6961754254137282 3.2352299839729244 -1.4091609795602722 
-0.8302219813202343 -1.448110303839122 1.0096398218459017 -0.12576666159609412 -0.6768843943496371 1.5956931977455888 -0.5828754958708351 -0.3149366366997501 -0.23104797586977724 -1.8701179959593894 -1.401453073426585 1.044900190974885 -0.8621379999792461 -1.0798760924822721 -0.4877695040795733 -2.0541354913214414 0.46827579649256434 -0.9976454541685245 0.3534431857576365 0.5952668767617004 -0.1424254749511924 1.2291813632425463 -0.8993657159016846 -0.5101406374401496 -0.838988934842056 2.4172826619056083 2.4069520523705914 -1.7249274815491602 0.874580555063242 1.2301001424860252 0.5276420349653046 -0.989647731905702 
-1.2350364163972194 -0.40134451649962116 0.9611748393281322 -0.6034967865194943 -1.028102697926602 -1.3624334948761958 2.599497242712667 -0.8062152225276152 0.26198915021852887 -1.9768589458129802 -0.5371240282338223 0.9340566841040792 -0.041887995253065496 -0.6228252201660216 0.9533319622713085 -1.3880491920874658 1.371293999932053 -0.1984985052839024 -1.994241861064363 -2.0121349236614012 0.6493246922548186 -0.8844276532858887 0.01730201393063842 2.5694707249617643 1.6832637873366654 2.390096251778979 1.7266609916567996 -1.8897020073108861 -0.5648805669395273 -0.09009893571022266 2.8245202057171275 2.088841055711392 
-0.20410062165128173 0.7856261164562767 0.7752966385110713 -1.0599822110071402 -0.12313976918904501 -1.68655495842254 2.731932495698763 0.46411737483771554 -1.4899573885821495 0.03406985426059525 -2.435426159576608 -0.39592139040639873 1.9613713947941924 -0.740684738204618 0.3122497188081215 -0.42619100241814567 0.6589025952589611 -1.16859334513821 -0.4902127576877167 -2.697971060872232 -0.1727408782218661 -0.2120413049625741 1.7423341622816007 0.10118372590089021 0.47419385567451455 1.3202802769475614 0.1279591596836289 -0.49104577169948493 -0.6996490257654027 3.5398215146356793 0.5432602387454742 -0.51774518265932 
0.14408686774023252 -1.2462576378432155 -1.0386509958955803 0.5461540734243545 -0.39279760350404896 -0.13068169090383322 -0.1432257437645552 4.331034151751977 1.6615195062149866 0.9158100798177585 -1.978183128136699 -0.6892088084449814 0.045256371508318516 -0.12311730256346565 0.8324148964049644 1.2723853235748963 1.1609906257356137 -1.5276084835005883 -1.6518057727092508 1.0813986370132203 0.45828912115285375 -1.2490642780529275 -1.7822238701440114 0.16206165352806987 -0.2869430976124711 0.4281842939981104 3.167933917423721 0.9709387110551824 -0.9955373198183162 0.541564475866348 -1.7766704430157823 0.9503364217282236 
0.7954560927107925 2.9071206660803095 -1.5054100605557335 1.0258754575031725 -1.0042083554475092 2.0976932914079307 1.8077841579820686 1.223685248252948 -1.7106974064271754 0.3274273558101165 -0.8369134791396066 -0.5560613310372239 1.91328490142113 -1.0021289330634624 -0.0009838962663031175 0.5696602904390126 1.892841422232156 -1.5610688117404976 -2.1777008462265166 -0.764275852672143 0.6304703960950183 0.6186270516229944 0.36449706251334374 -1.762266411978277 -2.9587925575636875 -0.8462877578124097 2.9291863850614206 1.229476227648281 -0.7161068074622077 -0.6995128543531877 0.8935294212482117 0.6006500073331177 
1.6572252077133194 -2.0346053400940445 -0.9273689442255434 1.021078700455064 2.1513939322415685 1.044152369847121 1.4168306013363654 -0.26228850432843365 -0.3497099219037796 0.9483342932130207 0.24725141000116413 1.0562220836469398 -0.16449967016054248 1.0988299838763664 -0.8031704716940545 0.1343494379654965 -0.40450741162133885 -1.302876354995077 0.05887099100736345 -0.8623350567925968 -0.6098828341452851 0.15489159486329168 -0.35726550596388934 -0.11111851684449538 0.0032426312895863472 0.9692151036598352 -1.3644356693901447 0.913008363357156 -0.9950759174630405 2.7170859406057115 1.4783125079086898 -0.032152792544627364 
1.1515815733454475 0.577300333530007 0.805870578795079 1.5362584182667016 0.21967674786089164 1.1852019866971308 -0.1697130963581873 0.26055417257686286 1.3955108241867002 0.03206984267484183 1.5142084230674977 0.5869367465149219 -0.15707705896559873 -0.0913402370452604 -1.671730349178014 1.5665158880249845 0.42314729358030645 -0.1857627393041499 0.22282987658549397 -0.18853807831324546 1.2099483176410153 -1.3103420048383763 1.7855570767162599 0.34644411074432085 -1.024093634440818 0.27370732235104384 -1.5745922195494861 0.9730968889668496 0.7426543925353555 -2.046384329976044 -0.20339885378293523 0.3518646715108345 
1.0028165324932985 0.14955420529658367 -0.5827761977466073 -0.6952574592818099 0.04414137249166451 -0.8947628298539615 1.6799818316033968 -0.42961908872628357 1.3126453208399431 1.0341302910686105 0.8875245072332234 0.3701391823510245 2.455217318986428 -1.004663832200643 1.9117480480307887 -1.0753137229508882 -1.298695003119699 0.887813236828704 -1.343003988046521 -0.5157052480771624 -2.0440910482123265 -1.379336278637455 0.03796790625111311 -2.684640579362222 1.80389325422975 -0.026127831992220258 4.176899411890265 0.5226340407975154 -0.10391322437585282 2.0831993911692517 1.4521012345839104 0.9940687614179169 
0.5951477747125912 -0.2170592281136401 2.8865305214143695 0.6242468007365932 1.362647214887631 0.35071274588478574 -1.0420188571389515 -1.505924654495388 -0.11598185594234597 -0.13169442459262276 0.1961949788668533 0.8796251491872263 -0.909101276231244 0.41230551977081964 0.45032750367027236 1.1026380385493089 -1.050394641840643 0.4330688906326821 -0.7676580301902948 -0.9190360121088446 0.6428864713875119 -0.6185235991484762 -1.1313901856462738 0.3764937898041951 -1.139813980493205 -0.4052658417412398 -0.09225088392423393 0.23417083068185401 -1.9091679804150048 1.7851686879149076 0.7430243730482041 -0.7988821461896254 

0.45829385821282304 0.5548008848639939 -0.06477589085261513 -1.7818953478538748 0.6960270393858402 -0.04938496405439655 -0.585684132590867 -1.0870904170194713 0.9845389728091792 0.1296407360922488 -1.2348948448712673 -0.887573590493354 -1.467574392783464 0.5648745907713505 -2.370725385898822 0.0507063537226641 -0.11478132647158601 -0.809989552584725 -0.3217445248537151 0.22530534202561525 0.2051112900607477 -0.742248337655975 -2.02259148126 0.7866110113194883 -0.13764622642294544 0.5266574067370144 -0.06996025845867404 -1.7682938964942703 -0.2829614356696589 -1.1395854087936177 0.7712128683817843 0.23870872642048538 
1.1280478360956099 -2.16919582323276 -1.257401640086115 2.5288563727433817 0.47786984711999336 1.5854685860497433 0.5600720566103381 1.4813398158133444 -1.019622228911788 0.6952499856805691 1.6796951926625454 -1.1719879231222379 -3.7997507038608647 -1.1548177087840041 -0.05249398999257986 -0.23103481841209975 1.4453390320151245 -1.6045843628137193 0.20313982641899406 0.3148753939579552 0.5893215671137972 3.240854790293266 3.7852620116811635 -1.081792253437513 1.435661566454859 -4.361411709509253 -1.2089199866812166 1.1943511584599538 -2.7329793105138265 1.9060721611405174 -1.5747545902582167 -4.2619586784809576 
-0.27366105526347134 -0.2279003584092116 0.5837793958088159 -2.996017771830028 1.475868016140937 -1.3313336783170762 0.14719174387598874 -0.7473461956009032 0.6641141958110631 -3.1021707773145297 1.4563846397425795 0.9091840221608338 3.278304811893562 0.5051774406598889 2.2388022940255636 0.2448633746183472 -1.8563925065808071 -3.3013592009472807 -0.2356776379239243 -0.20840031583379437 0.7843711061818753 0.10606561008779498 2.281113522618431 0.5434522405350688 -6.598520009440323 -3.250466743177003 0.481438730028248 1.7546271081958078 -0.06458636917929685 1.9301315089617257 2.0474283055288325 -1.913421877292182 
1.8935401937595315 0.1034250250551462 -6.089679683841742 2.593389817292209 1.5073781085075102 3.8391142477988436 -0.5727143573690187 3.743916944864141 -0.63597683960882 -1.8659062911915585 -1.7200582441174825 0.5609422203220491 1.549846213481974 3.7348359443507544 -0.9600620337946769 4.031938733231727 1.9409162472244188 -3.1526787239263223 -0.1492940457425383 0.3394770361704407 0.1517519625660163 0.05405514734620507 -1.503067147256347 0.2881364039779204 1.9005619162350469 0.3437787345895425 0.3914188030425209 -0.8086522761758621 0.10793111334784272 -1.4080601217010142 0.24269268558187906 -0.6109633433000488 
-0.34879382600291237 0.5571845652350024 -0.32395034767934394 -0.3190612150044574 -2.3212838722882188 -2.2674883560305856 0.39433058179073954 2.8673132521712796 0.026121772337731212 1.666362940140294 3.6702944036644305 -0.906976750075589 2.1572516382941953 -0.5447544956808262 -3.3625135119344054 -0.04096809975017711 4.696270108708375 -3.6267164348068777 0.294124612570767 -0.33569732653577555 0.6699923665284753 0.6846851003551222 0.4645746066069213 0.05610583793245798 1.606877219566515 3.2913297629354252 -1.133252955472057 6.532187052424702 0.5801675187851516 -2.6226138583978473 -2.6076220495248488 -3.1153458306757686 
-1.0919192626066359 -0.4166766970901019 -2.0987705299715933 -1.1613724026542172 -1.5359334443548065 -0.9395647407831229 -0.11814449090484394 -1.6903936225295553 0.26608455266647996 3.087160457764832 -3.757956427116968 -0.42792093734891584 0.9651233898468662 2.1399985664509447 3.817100681968756 -2.9112424245786337 -3.0034782694125717 -4.410247205175774 0.06476362814088067 1.164648694313144 0.5761470656350545 0.8535902444273554 4.550839922580763 1.2027221413704707 3.8215726268958496 0.4808904243045814 1.04268413671606 1.1853601685996369 0.940422932138364 0.6852405027957075 -5.533769103858381 1.9424027554320857 
1.8298849003010647 0.918345266343211 1.4365126421960155 1.6454433055307025 -2.0066683154343443 2.7231858351861975 -3.4156892300260338 -0.3744372585127671 -4.834780642275343 0.05973189624892761 -0.8588529670400727 -1.2436396819281272 0.014457207052685586 -2.182486097377056 -0.06387723460724332 0.20593333889371346 0.9910815281789628 0.7452310028566923 -0.47816719673195157 5.072749187204313 -0.8740582589217609 0.9528000631533003 -1.7572146116087177 -0.5861826152163934 -2.7228758459440288 0.15291044704251877 6.501732673119742 1.2956717005041571 -0.16044072995971875 2.765532605382417 -4.756191191390395 -0.32414789240412056 
0.17123764449477585 -0.2715000591576407 3.0988741089315543 2.5154833021525302 -0.4198535981024524 -0.13886592983065943 -2.2472584339493427 -1.2566362528606627 1.2733881437809909 -1.9002690287533135 -2.7933480116835114 -0.10393577766371256 -0.5688673352182114 -0.8362902702202505 0.27288276409648127 0.9590623321606077 -1.1425706975725134 -3.2840940553825773 -1.168734890872511 -1.071683704810451 4.825010438868899 0.4614252806043178 -2.5553516776451293 4.27220284054634 2.6019358736658 -0.10718192347861388 1.864448576514931 2.390288507302099 -1.1255605823495765 -0.9645410804430243 1.7578922655101579 -1.6383008878693133 
-1.056162339736926 -0.38774940348185255 0.39330972909032125 -0.5023626147349638 0.5411169031126974 3.125091942048766 -0.49315941022565374 1.7566610563664522 -2.4049770131283266 1.3232544554936214 -0.7185470046658803 -0.232528450860705 0.24831123848268247 2.9275401462290747 0.46673953597696966 -3.989803794064698 0.784242097284748 0.25446973213749674 -0.33048001144292366 -1.162931528990213 3.2359773026954697 -2.017491476264028 0.139789698312174 -2.6559625967592604 0.14862659307504653 1.002810562595495 1.3456987947776593 1.502283547784044 -0.0037644358677528618 -0.30234904288777525 1.584573319722783 -2.7298601872726236 

biases
1.3864850552873438 -0.26759063948171163 0.7059017804979297 -2.1639106517002555 0.11653718222300406 0.9830838759697381 1.7407845918162252 -0.5694717703032457 1.8412687945224204 -0.8095771533819437 0.16579102727511524 -1.2667094102978003 0.9256539545774842 -2.2079525235798756 0.26039066560243 -0.2767696941718399 -0.9319700908744584 2.5349016351469484 -0.11773895844499144 0.9304125289518573 1.4206765495304718 -0.10805230705345946 1.082279078369648 -1.13767388308061 1.6156097423975981 0.007488501637263372 -1.6305894342056702 1.404993524549757 -0.6369496846959758 2.3533663422102866 0.7058326474352569 -1.5306839499119524 
-0.9434659831726429 -1.2169934591328093 0.8120652373850199 0.2836486222531166 -0.17941652739659042 2.7541072677399296 -0.4298466947412905 0.8341621750603389 1.41467379528395 -0.38765648932181346 0.023956254049254482 -2.3027312951730834 -0.20231405694215263 -1.6894561976399012 -0.2564121627332253 0.534064195270696 -0.9533896415009403 1.6119520146448503 -0.8670578275713465 -1.6667983075340236 -0.48879103558268616 -0.5644728735504667 -1.3649484840333599 -0.017515254320517936 -0.25373259392391784 0.13433879648621236 -1.1886720045912142 -1.9056525964929938 -1.9593593054416027 0.24182919817107626 -0.4604928858840429 -0.4881149084899863 
-0.15548335585025133 -0.7666115826035044 1.4788055111459124 -1.022355861284284 -0.9952725883787268 -2.5320572632026237 -1.4801290817122985 -0.8936274929971596 -1.2883605557527498 
