-0.1829464379516574 -0.09141563112370528 -0.23060795687904723 -0.1519664661064562 -0.022662194458597504 0.23845581201851201 7.7934208577304585 4.043680112168707 -0.1744993157371005 -0.08592081675500345 0.08463523958327096 -0.16994270766297143 -0.2239358959303246 0.11323656168437414 -7.631463198161487 4.168054648270856 
0.08100291096545563 -0.06288074139527623 0.16546016015292653 0.4407117976882041 0.228891157842923 -4.098767743018146 -2.184631300406024 4.930481734015886 0.08460856978086922 -0.07304206091407552 -0.05343403391657621 0.4092186129084989 0.2975979739729956 -4.070219741849685 -2.3334523959857703 4.82933511623765 
0.021504596846528324 0.0043268645110864515 -12.337069887901936 8.95838839081326 4.379313821726967 2.2611405480657156 1.084680601508614 0.5736918792383399 -0.0021212331616735276 0.012983548308959193 9.947829357703197 8.960903999710622 4.462237103710712 2.2506739231009014 1.1503790815037376 0.5865866223718058 
-0.08291795337471473 0.0729887984474332 -0.03286369128657979 0.16028178999289663 0.03114093021227174 0.644398006261816 0.5932720997311487 2.4596699928070613 -0.06748665972987358 0.05158614116866966 0.22400227695939226 0.1816993565998953 0.04852908505417635 0.6483440711423498 -0.33308075344643884 -6.295913151900266 
0.021537346104548917 0.21194434337741783 5.954106721240049 -2.644517828152927 -1.5271405790063 -0.5540922709866545 -0.2556927601190214 -0.2059043777569542 0.09501960394255324 0.1743299384874984 -5.781850937889576 -2.622569312344489 -0.885167776048318 -0.5301702380993097 -0.3040640254331571 -0.07756836179413622 
4.368284765537104 -4.603220096142283 -2.3754024025583247 -0.9298148505205597 -0.5334433411362569 -0.23395188135696804 -0.08038385747757551 0.007683674318995863 4.37844806551188 -4.593846020082309 -2.164827820626332 -0.9299386313915678 -0.3554299227401719 -0.19998350600212467 -0.08115285010184276 -0.05331132759914837 
-5.644523117958772 -3.198605534328547 -1.803466469819111 -0.42132297158443804 -0.20370508127918052 -0.025166591975353543 0.00019503623097849414 -0.09019972901894086 -5.665337611174218 -3.231574642524291 -1.259859357386977 -0.4076464454251936 -0.20506871858686293 0.057376310899060784 0.1533700019927243 -0.14109944497029128 
0.07726387025593287 0.11611952571573791 0.01742362337366587 0.10083504364469521 -0.033801229048723645 -5.069477166862606 -3.3933640862056698 -1.5660362947545707 0.05816733408930635 0.09311185478454931 0.16771323660814177 0.1075083757463082 0.4805582163889647 -6.033899220574581 -2.9104676257034736 -1.2598103052670115 
-0.15308147240239892 -0.0024537350303884273 -0.04644628869928531 -0.6185871721713226 0.0050383242179387845 0.1649335794425818 0.6080402618079358 4.962955514218258 -0.20903747894112454 -0.047473717197104956 -0.3853742525754559 -0.6254734660175222 -0.13124035419803765 0.3867901579231715 0.45057345296727613 -3.5184082744200955 
0.13941319290589688 0.04932845608155212 -0.34291572073480325 0.058575314538642585 -0.9479790758200529 -3.5204185418810456 0.5872851544916375 -0.5644431867961066 0.13478763840180868 0.04278473142262029 0.23125661165443664 0.03160358093831473 1.067908117258897 -2.429427832215596 1.738060384879266 -0.8317067247341912 
0.016091803189261282 0.05522641901520233 -0.045274110336700785 0.04167997617525821 -9.606739705609407 -5.399157485632734 -2.446447075076513 -1.1820774242973702 0.010986350568866012 0.04950776891338241 0.005292160423126662 0.04464172105222003 9.658577261030382 -5.4660758092950115 -2.5147584348990706 -1.1797034487877556 
-4.072005435061479 -1.5832820976747457 -1.489073594222771 -0.17259271940379714 -1.0599048330841945 -0.21189351370779577 -0.11370242431707146 0.1054582097773547 -4.018491958411846 -1.5827340943375874 -0.4395813897246531 -0.16179591603262536 0.9176356802171899 -0.14762010157714758 -0.024102176716031657 -0.12332421371525162 
0.010470325985961735 0.03429010266149416 0.170255928972848 -4.15611274914411 -2.1621784750385604 -0.9981348641847287 -0.48941786110356483 -0.27401109473776664 0.020327084581266044 0.038513693010322585 -0.09548755907214257 -4.157719941378933 -1.9859783269146374 -1.0495587758045424 -0.39935759690457184 -0.2828503162165934 
0.12003941157744988 0.14795598606119956 -0.03219662396745688 0.4602803258341341 0.11575733294274224 -0.27176307640292235 -0.15907730244624185 7.134090036611693 0.06795362905356235 0.09731217858394953 0.3987055970634009 0.4085216133374011 -0.02802841399367231 -0.4078446995343424 0.000908793208939058 -4.7322720204244435 
-5.677597950270546 -3.3808251816816317 -1.8334117878015135 -0.510268982148753 -0.2688107510345315 -0.09427344253374133 -0.027239684847729984 0.04442127593237417 -5.683735509962935 -3.3349702226469655 -1.5514869772895137 -0.5205492819028834 -0.2535084475578784 -0.1008538193655801 -0.04026744550614558 0.017434628933928702 
-0.025595955979694867 -0.02333726130517725 -18.30048253810726 -9.000331003412136 -4.498670351543239 -2.109169869670366 -1.1336658049759427 -0.6166681076386604 -0.01778986372868791 0.017072812587893758 17.91330079807587 -8.98855594095618 -4.606410703670202 -2.15172494921518 -1.1534335525036241 -0.634634956594112 
-5.12307832139308 -0.7942412611308248 -0.6749878101536073 0.37023705373691834 0.03141865932725879 0.13514865634175524 0.0512427224865114 0.010164168916437968 -5.037598568014677 -0.8359560456984698 -0.3425145248659814 0.36169798935754344 0.6051129060008795 0.03147400850463533 0.40010729609122353 0.13598183384433785 
-0.007078621283978222 -0.049773543978733036 -0.1322826152552672 -0.1025139678127001 0.33075808955517144 1.843044137839853 6.788742063094887 1.1678599361483426 -0.026535352012940536 -0.052432665462788575 0.06874741602451025 -0.0961251555964995 -0.4564803138307358 -1.1168855114199656 -2.5925778833020536 1.378299155542645 
-0.02966601038246344 0.02498928894484787 -0.17583524198463937 0.05149622256655577 -0.21621545707863277 -4.97378752229655 -0.3371920094527197 -0.04582784925386807 -0.02655793618327139 -0.0020343697619494036 0.10067859606789305 0.06538430362614735 0.39082203030859136 -3.3973449615067715 -4.12557680109836 -0.12927995675126971 
-2.37884271126826 -1.2632500076514355 -0.4729549207621735 -0.9766077376609261 -0.19872692958575944 -0.7707304533274828 -0.7912080568935902 -0.4551292192235599 1.7358276622107123 -0.49519235528296085 -0.7375598170661932 -0.9341209487909985 -3.6842465565984384 -0.3714273137912844 0.22418633656473883 0.3244265013970606 
-0.05975169817655315 0.1347447042124696 -2.560038907538342 0.31185562417848706 -0.15357370959768377 -0.04134780337545409 0.021098783611957574 0.04422999137163783 -0.06107646553649172 0.1401937861263495 2.865191852256829 0.3118445510212384 0.3921947773430451 0.08222098626847944 -0.051107909871990785 0.183213677143734 
0.596179234380287 -15.466428583003587 -7.645994925577679 -3.7290381141539246 -1.883385220134146 -0.9765635948755617 -0.4411733113185446 -0.36132003710048377 0.5283545668890488 -15.429005808351617 -7.841993798054943 -3.7785165919869224 -1.9684939413569926 -0.9902437077097905 -0.4863435832670573 -0.3345277368042785 
0.03459673847841651 -0.05275341214728399 -12.637704683404655 -6.152083089531298 -3.0499019649373404 -1.6430089427616292 -0.8094299620860952 -0.37272105724895593 0.026985213545305104 -0.02318961801936971 12.6359554916047 -6.16666829946477 -3.210626230585072 -1.6294776328576785 -0.8173798708065486 -0.4031925016891377 
5.697198343346038 2.6823570948883426 1.8133170852625993 0.552616629974855 0.6301954184837865 0.19849035594816847 0.15802204980794185 0.04325304102323556 5.728260301658127 2.7072455416896566 0.9100046911667772 0.5678199477273647 -0.02245673473002378 0.17361524813338475 0.04752827865023782 0.11923360825306327 
0.010535560340943443 -0.0069938604454483685 -0.09676927997636169 -0.037022359475776506 -3.347605472943098 1.4066332817288438 0.7155315987288319 0.46057969361778234 0.014591737915909878 0.006434828440589444 0.0019398387922837563 -0.036634497006831704 3.3669810220109353 1.2682163179206756 0.487323058532159 0.3560677244942569 
-0.0454530184993781 0.00908659792456149 -0.21104160173715747 -0.007423339359772315 0.0444043643156973 4.471508509247963 -1.396538180833912 -0.7901003906684788 -0.029804662942525498 0.07163292616729858 0.3234413886874512 -0.011728373456859951 0.04956989568649227 -4.925171915452429 -2.2230702953064077 -0.8594885380501222 
0.006177237884184754 -0.030615652713252593 0.10233834672469302 -0.09637025657792721 0.09142711684316111 7.131748106745091 10.239847677936044 -2.124566301506253 -0.013274300672969936 -0.01841267936997654 -0.15482949800420864 -0.1142851264725071 -0.06120475396093577 7.03390944715857 -3.135146749565467 -2.3575974307003933 
-0.06402913863591532 0.12028957864420169 -0.12891122893055262 0.1969525563231629 0.3599389470127272 -0.6247226492675857 2.856859601134733 -1.6578496623874084 -0.045713289029078966 0.13054792179053268 0.3295836501651385 0.19439759757025704 -0.2787639798609807 -1.011415356301024 -3.879912765660033 -1.0480764092174624 
2.2633085352455726 0.8888372495407408 0.5395899579941281 0.06829697108391022 0.9640864629353543 0.16116799997914477 0.2833226051927378 -0.09911439592915286 2.3121785754752224 0.909598786172413 0.41066248004216693 0.045105557985579164 -0.7622863588233477 0.1690167049677215 0.1759965077340841 0.12633808789548046 
-4.489028782889109 -1.2731865577949604 -0.7794933066026792 0.05386322086030716 -0.03932478075941185 -0.0630400563367385 0.012102311627799482 -0.07555995931578174 -4.456356656473361 -1.3019001251346165 -0.35710172181675043 0.060181301525417126 0.11507444057121993 -0.061534318622771325 0.21069574560952894 0.0003892665111519405 
0.024479909596337005 0.03300394415510888 -0.879158913001783 -7.403596043764453 -3.5953205082663375 -1.798842630651855 -0.8064945844768437 -0.4147842592414898 0.021209732414434215 0.04980177556288377 -0.17384479267455152 -7.434686650248531 -3.5586476677850065 -1.7625465206098692 -0.8212137963984721 -0.4570186185581633 
0.0635174560894041 -0.08872564957562988 -0.3766356679518731 0.19142185046748983 -0.16131827291352743 6.144658780022792 -3.0643192675702453 0.05910482534114285 0.06113951086841849 -0.05711482241515876 0.33423477254926764 0.2600508939720433 0.023466220045142223 -5.133972047816546 -2.5186076554272208 0.07141267936826202 

-2.135954955701179 1.9736964615406198 6.345308991155875 -1.295448931201732 6.573711135553157 -2.224434649795921 -0.7446316742241995 1.2078513265047968 -0.7868665751533614 -1.0175596764555546 2.494368897347308 0.05716722471102553 -4.115053788917621 2.0663376906925337 1.3273172683724217 -8.079885747115418 -2.009403857154841 0.842027963214421 -2.1338927767515283 1.7823583236983973 -5.139043674998169 0.4631363726392003 11.691349999911827 -1.681738866575018 -2.086149426777056 -1.0027934528256348 2.524127011495943 0.22591817941153058 -0.2847393627852204 -1.4638560911236174 0.2312128520077746 -0.5412056173006655 
-3.5907491587231104 2.345987810832293 0.1655253614859707 -2.7291728571897886 -0.0050865169527950765 -0.4555948080659319 0.5661908492530409 2.6243402240342055 -1.151337688091205 2.1545815480383097 -12.165346835610503 -0.44052897272521174 0.1403226284601045 3.591406154103846 0.9938672908755127 0.09478605433346904 -0.36306839382843265 1.6553766850167075 0.8718729503584586 0.7308964772193223 -0.3601658772397093 0.22774402396911936 0.11251560899911293 -0.022513266087471145 1.5895723219230433 -2.087453931494436 1.1000291656731218 1.6291969767177326 0.8084749706753712 -0.6735717804257965 -0.3045081758360697 0.9362421698855837 
-2.5828881373762633 3.490701605438701 8.381240967043011 -0.2828296885959045 -0.7494493384997056 0.2835731671366135 -0.13746547781490887 2.4978745240213516 -1.605161470848443 -0.7868294388653186 2.0618618020023716 -0.12071166496517573 -1.6131052060348807 1.8534185911095307 0.13855007227733432 -0.1149887455156236 0.2222484103063757 0.882419488695593 -2.8556468420073604 -0.3897195371448183 -2.3836352555087914 0.0015274886192946132 -15.10999667302591 0.08272092635085738 -1.6536318622619315 -1.8502209844431423 3.0649662646012388 0.77552291549051 -0.4918929701950871 -0.40133633391872203 -0.21332699095690463 -0.20266328959099647 
0.3927981661897267 1.01186499154495 -1.788168000033058 0.7035977160150727 1.1308593807597995 2.1432400798494857 -0.3352090564702853 0.5806659274721082 0.9508300620030145 -1.6731601266095855 0.10230358968894304 1.0729119775860203 0.3317692044665095 -1.4331310638725447 -1.0616151358017338 -0.6704612275419265 0.8461800244483397 1.0705234479403472 -0.31587730840087036 0.46289484236827394 -0.045902573358799326 -0.45384737392413543 -1.3574747462957049 -0.41680029753908193 -0.3932787183472644 -2.230059750397712 0.19599632615052384 -0.9097946011311677 -0.08677438441877157 -0.030604176334345583 -0.515365129216826 0.9120751867834892 
-3.4881309340093263 2.3219408098348318 4.865100034492798 -1.9006197563231089 1.3126176364495543 1.8903711601600193 -7.303519098942066 2.425282641937969 -0.25808420488111355 -0.5580905513045173 4.775041890688785 -3.8766666271141137 -1.856608507998391 2.399769685122817 -8.520149915136479 -3.7454972857693614 -7.170585933475382 0.8233223762881751 -2.7530455066366377 -0.700480873129045 -0.7489014709532091 -6.310526589464849 3.3440111646952677 10.450953378882362 -0.7678586057617189 -1.4982464983654022 3.5477995596397593 0.6807322392873016 7.012782308943731 -7.211388459076656 0.800955580295791 -0.12031387457436116 
-0.11040552024703465 0.7627340187064874 0.2460075801539597 -1.8483497094794117 0.7604226423637974 -0.32227232185205196 0.31530971605340796 0.3720949089065276 -2.5465678420625415 0.37120740742315 0.26919207704703396 -0.011838418208221027 0.8370509246066336 3.673432790076293 -0.883766117715429 0.023490447909843247 0.28215423663651834 -1.3032071373912262 -2.726625670958652 1.5989791130830213 1.4451887459842303 0.17530172697416843 -0.10695802232164994 0.46719082895805464 -2.3384928917526557 -0.3066053578805012 -1.1668907268442639 -8.325271218690855 -0.2127119678108273 1.0256963900735125 -0.1993222643063179 0.33883427346297773 
1.4925727232239265 0.8135757926595019 0.3239657658863709 -2.014663763148712 -0.28451808055654443 -0.5044806381969876 -0.6520919008807147 0.9407504006529933 -0.6887214119097018 0.3310654047095148 -0.2087775058765461 0.780361669485896 -0.9593134700692886 3.037256097188187 0.8089909348947962 -0.39635638554724834 -1.9047867066272717 7.465038298037106 2.4815689504584166 0.983737923104739 -1.834842708471241 -0.40354896790733136 0.43264958716249485 -1.5306671709875996 1.0393442219777673 -0.5799986020202043 1.5867967448759426 4.403420749014918 -0.720225505828789 -1.1665090794077697 0.039299411349380274 -3.771660967510726 
-0.9328946342775609 0.885002722868632 0.6820881836013155 -0.32711656400772443 1.1008364526578927 -0.5454062295418364 -2.597645199628186 0.2817569732283254 -0.11273643306064043 -0.20143672663516862 1.408924751334899 -1.3952462140625552 -2.399912128002032 0.5852816338638149 -2.714290973385523 -0.7696560054327042 -1.2829197505963508 0.1653847509988226 -0.8483595629305576 -1.0386470251328506 -0.7959612869831496 0.014407139432680243 2.7681119385275954 4.893970879293534 -0.11910776648633613 -0.5616735347745511 0.7759396154838174 0.41300461564139546 2.0181151915963205 -3.538649534735531 -1.4541960856827918 -0.005607256338749463 
-0.04919381364186928 2.2464399952677367 0.05397871917758838 -2.2891969252786857 0.4320458360153467 0.2383494848204766 -0.5827512600197056 3.475902882939623 -0.009204708938903296 -3.2216625555112888 2.124873075644785 0.08897794510495342 -1.236711445921031 2.2745869007169954 -0.6948729877190898 0.022847188766756857 -0.09176984778143382 3.6157319404250576 -6.785205970792073 1.2629952560246722 0.19448752940643696 -0.11374252313598338 0.3460531563026812 -0.6682895518778881 -1.0193672757101107 -2.5276685962726577 1.7192937155475738 -0.6223362958507811 -1.2295258769074042 0.17949146047229866 0.8258549273216619 -2.2824154652801907 
0.4221359127613808 -3.0571899299230516 -0.5741768026959994 3.401877937017997 -0.8749242715900019 0.06410152205512393 0.4450357387403173 3.6067002392158716 -3.1815595508062198 2.1223086132592432 0.10342526645184713 0.08849131956039494 0.5134962053034665 -1.0716046470746854 0.4914493594718053 0.27816586567464513 0.8102732159244017 -3.734118685514555 -2.678850790803449 -0.694079886068439 -1.7509835775561298 0.21018389836294682 0.7299110023137299 1.2449839903061546 0.8136961440875978 -0.33858664834899094 0.856779029492816 4.233645435684392 0.6837854685947661 0.01935660298950118 -0.45401270871494015 -0.5061163592296617 
0.08778588968606535 0.5950971610278583 1.7524901037859415 1.1369512124812895 3.0670057442378975 -0.15369555703624616 -0.6901713610122641 1.9148733877603694 -0.6128854726697899 1.8436682731871181 -4.321170324475084 1.8875804387648536 -1.4478269116974936 -0.725001608179846 -0.938904043898117 -0.36225005548636885 -0.883391511377098 -0.6809211481991125 1.3975417410901125 0.023943662102923476 0.4952273632622868 -0.05815680918266477 0.5425065059337839 -0.33978527161952077 4.940464050750046 0.02404375333696075 -0.5215158316077256 -0.21840329583793336 -2.236863860149834 0.09177844683985315 -0.4055008015221285 0.988578467444982 
-0.03329524077170545 0.32673821537957415 1.4699119826891096 0.8557264403683597 0.02056969482353825 0.27184797030908425 0.9928934290806026 0.7539653227298472 1.621239057280284 1.6267160681324169 0.3764649975775647 0.471095891905484 0.8424254352831471 1.4191708208850953 -1.0606158827792422 -0.23682404379196476 1.409378372131365 2.4852762432666933 0.14688209699299837 -0.9134409120859037 1.2302025799794607 0.3853743357623149 1.7345735632763641 1.051242641200245 -0.5423464361130779 0.08164231378670558 -1.0373557958576531 -0.8237194394467787 0.8790426345491987 -0.022925268233473853 1.1638887920215708 2.007499178401524 
5.540105623837881 -7.797175365950292 0.5032473750547822 2.6726368903312987 -0.8016430769517009 0.23772931267241218 1.6533325398998913 -5.321661910126517 -1.1707509229144424 -4.980729195805362 0.13917624937383868 -0.1302294278608987 -0.5405165621221464 -0.8398781594660378 0.5358817603440437 -0.08835002290385575 0.5514571829387844 2.8938823961823656 -0.9975869302376819 -1.5527097030832948 -2.555873761783676 -0.16478068464458037 0.7430291845078097 1.7334016275197672 3.197752659904342 2.630588611189476 -9.691097484328068 3.5734981822560457 2.1636217016965076 0.9164185007704748 0.3616389740857247 -4.92684672659041 
-1.898157644958048 2.1294009576908306 -4.238499630975637 -0.47723029957024027 1.6406355602118046 -0.9498650052620978 1.5398105916663838 0.8807757657883172 -0.7671940206493225 -0.44077563934006897 2.4637160721890954 -1.3582885924517458 -8.89354715296777 1.3067792491562502 1.2955986764666143 4.958640547008435 0.9200544341506849 0.5664239603948139 -1.7945380918235905 1.3448464949725145 -0.45436024423331106 0.42689592039438534 0.24157835846965495 1.6594028431639123 -1.533617307454889 -1.0864098838910643 2.3278788715007774 0.26000715267387126 1.420517071001221 -1.2659222281182545 -3.5951622959303586 -0.12088551600855214 
1.3439973102131002 -1.439243682795635 -1.2696930639980044 0.08748381661297924 -1.0730764198484875 -3.51381551257009 4.7561027257847055 -0.45725149462092396 0.4893127379385495 0.14181633289397838 -1.766724296556366 2.340084755305156 1.810642390825569 -0.7008964656173423 0.12304727408304555 0.6153482475304418 1.2764195860640977 -0.3039963061818487 0.9734801716814873 -0.4357922921413775 0.138224648155355 3.5396684649391714 -2.3374652639318487 -3.900398967023662 0.49115909741823427 1.442531164905994 -1.4197259626875405 -0.207206405888069 -3.1735858978658817 -0.920938409880109 1.821018643652984 -0.17984094366295025 
0.30816726325440397 -0.007872917293016398 -13.21649038383318 0.6823585470475734 -5.716562280093167 0.3122510188769286 0.3641359705032401 0.4385152971460118 -0.9819530193450524 0.07064374619171833 -0.6088368085750278 -0.09406671266875012 1.5737446009953069 0.3275272036291311 -0.06381351465539206 -4.91132107212956 0.4350157842233106 -0.20899020331693166 -0.19647039534867297 0.9814655529752568 4.777026356179801 0.025528026840381864 6.21450027257715 0.7764756615804833 0.5407837011461204 -0.6955107284188781 -0.2279230920109614 0.1419329336834212 0.267916921364429 0.7401809437363419 9.676227892811223 0.466055135201098 
-0.4002313776924182 0.2470583744704884 4.743698677636083 0.10170929031584594 1.5063584560875445 4.809986842063217 -0.029918347068246524 0.02401546555895247 -0.5198261347770379 0.056504932711735276 0.0219503220796715 1.5558562784856227 -1.0236598337245568 0.24531147201524042 0.31558894973510077 -5.11444636830302 0.09674588541055748 0.046143310040301554 0.004225070062321196 0.03538797318703564 -0.9111745784173221 -3.0680990353223225 1.3512581669373949 -0.15577932566971284 -1.2108148611631078 0.1299561647584662 0.6071700487143488 -0.22163553952647724 -2.333230818468515 2.471270480919447 1.789741812817762 -0.018591243268392958 
1.0819347556465344 -0.6581068166233611 0.16265315699768595 -0.9456107982640454 -0.7944890931489269 -0.055426851737200036 0.7753595126675709 1.6118945287466977 3.0475305125339784 -1.6411041434263154 2.914583279499494 -0.03163571078893195 -0.5014278545998057 -1.3777664369660259 0.4291335720908364 0.25304065229315387 0.3517089083715851 -0.3480489862366063 -2.7049609458730197 0.23387525518985874 -2.5009799082250166 -0.07319935189736287 1.7003204190356624 0.836755396133914 -5.522219476846821 -1.2114045685852186 0.34319483410523594 1.179337855021707 2.131538599621607 1.4147515545523581 -0.8395542276878972 -0.07341669903227228 
-3.5982616649356185 3.0075777738854943 1.6290271742132636 -1.4102950869081936 -0.624587456395583 5.739005079180845 -1.9069623007864467 2.3575401903270743 -1.1395175476894184 -0.26367918695699494 3.480211114647529 -1.820976557786987 -1.3313488996996454 2.3149739094573327 -5.439505039444546 -3.340298841176419 -4.120624196310686 0.688056687120969 -2.93732531496277 -0.7837089787100504 -1.414442630804266 -9.86816794509433 2.2715530732061 0.8333406591409623 -2.1758376603698713 -1.609774678493711 3.915412792335162 0.756326435171105 2.5230727549349834 -9.474204177774055 -0.5585744252307413 -0.26346602248822903 
3.012623823274628 -1.3698352121515422 -0.05892806525705771 5.7183980099506515 0.026628550318449982 -0.4431696245286161 0.3071997052432157 1.7840403931992193 3.5786647263435265 0.16690382667755232 -0.9115985318314522 0.36156801349229556 0.5428661114794909 0.26031726748272305 0.3935852895592473 -0.6620330017833148 -1.322558736514605 -1.9255249485895958 0.9565042086079975 -1.5891600700656212 1.134213033007032 0.2200613667751695 -0.6764204684129154 -0.20051813757100373 0.5213921294723669 0.26936951690050903 -0.764059400678 -1.5717523124268216 -0.5798053380397026 -1.2969479658239427 -0.20720398152911568 0.35243349984848943 
-0.5333008849280897 -3.4175816170996094 1.1338700477223915 1.8557542688916475 -2.059044050082587 0.2814695679216831 -0.1890434304052689 -1.7016603813017848 -0.6618968176194004 -0.3244500829839434 0.4689479928271394 0.9198855341753726 1.6582664052385743 -1.0564117117896015 0.4575171751431042 -0.0006503357099610471 -1.2107274538802844 -3.644459555528722 -1.4663534424322304 1.0407869606264657 0.3554458398115625 -1.1415655384544934 -0.6329018503549646 -1.1848567597677035 -0.3556906746941967 -0.1840006626321008 -2.4398882101234123 -1.4974599700036402 0.5352084091983577 0.9728164454226583 -0.1986114569322236 1.6191920042025163 
0.9068134295072444 -0.5591519265752073 -0.3556556187643186 -1.7442592834275312 0.9269391604834032 1.1375502266036799 1.9262158524558932 0.791512928889989 -0.7980701123051149 1.669405694598804 0.8549995988128427 0.9791725697927672 -0.05061169926131599 0.3106880562769249 1.2584085181122782 0.2944888319742898 0.39953387467855994 1.5539808223188836 -0.6375950840690304 -0.570806497780631 1.3149244060047618 -0.1498465297008528 0.6950390198746959 1.1629949139235412 2.455892197921955 -0.8221529494479546 0.7560925696871751 0.40464914188095213 -0.43610092613814816 -0.3809359657528334 -0.1457087170455154 1.0852780054582718 
2.6171728849855556 -1.637223091805169 -4.15889456546934 0.8091262877197662 0.15148654697730027 0.02321920975957892 8.929973259793021 -1.8728575756788142 0.7339688013968787 0.5642234114413506 -3.2892197805514622 4.798551016291437 1.1546848863900416 -1.737627122574289 1.8856389568487726 4.464196696310956 2.7639162074535406 -0.5761580934699683 2.253753902415698 0.6924082668890377 -0.3818029664624259 0.3321168998718718 -3.1252824556754573 -9.140768210880866 0.27882824772009174 0.9800908815890226 -2.461264027023042 -0.514210263230836 -4.376737290006756 1.5192974051419366 0.3677957207753788 0.5107605687387471 
-1.1817431198598891 0.7631105776171065 3.156313019329859 -0.7853861480895671 1.1049220915401121 -8.232496894944818 -0.28426302280158156 0.6842057539537504 0.0009516557813124493 -0.35380853783464794 1.187611434500535 -0.17668967753797965 -0.5488026846909945 0.859671141028284 -8.018069339911445 -3.86760814938139 -0.1238150904205128 0.17498427965983526 -0.9108944837599402 0.6450076449813037 0.6060623203204497 9.868724168674335 1.3519647123256644 0.03885636736381784 -0.4700813232787826 -0.37802750955806325 0.9868649485746785 0.5418630151925701 1.0966259705731454 -2.4001969727585566 0.08885613912458111 -0.08652815264121082 
2.668306027683047 -1.9818222540644532 -3.5795396299854536 0.9070605177551875 0.09539586496209332 -4.497082703656701 5.0780888672820765 -2.2327169742674156 1.1993902290309593 0.17924603163658517 -2.718157334400644 5.036542681952279 -1.4521134580931725 -2.2733764432570713 -0.8913981951111726 3.1820649222061292 3.8734948783002014 -0.6988807623214057 1.6787188099253496 -1.9332654738782622 -0.7347807760146962 8.994534556312457 -0.5147413232645252 -5.410339198547651 0.31344490750010556 1.2901006278028118 -2.6438856186985853 -0.5862909856915721 -2.9817731852614155 -0.8421452086578977 -1.1747119347602373 0.05373531043229627 
-9.558815939070286 -0.6280974828152446 0.6589876953195152 1.7410106824902882 0.49285670337924903 0.7232015646671648 0.2975470548939132 -0.6347664775410508 0.58237442871432 0.8796042393932778 1.0643771310914567 0.09766971276708564 2.3680288798751183 -1.928891946220402 -0.32896903577445613 0.2713511750879498 2.6045846711465344 -0.02209568397596483 -1.5773712182980302 1.2653506369698946 1.6236363068530697 0.2216208600201614 -0.6019036530354763 2.207406897218281 -2.325371345802404 0.5817063708444243 -2.0140843364496672 -1.1298877497657251 0.2786607015243082 0.5881881822819144 -0.4971138375136307 -0.15377490542761674 
-0.5096845564119833 0.10281993029399679 -1.6037596215349428 4.110727195776344 -1.5425349050728514 -0.1905598682512047 0.2965723247337407 -0.38790191016060865 1.9596229164417556 -0.30955973900933303 0.33040552179799687 0.4021647647154151 -0.2231001561300308 8.143315134841375 -0.09915447069912114 0.32669469191117817 -2.2898467217401213 -0.30302093354742193 1.260591404842587 0.7035182398717623 -1.8295357871153377 0.20564058019676384 1.5070892965903862 -1.8537429257490925 1.4416800277046269 1.6531657642824749 0.7308539264520021 -0.9349440990703197 1.898916759762424 1.2994704786728966 -2.9391581209520643 -0.3501491436903426 
0.6732840246530614 -0.14818271162777197 0.014751569248702476 -2.9563750184440094 0.8430827618553683 0.37326649165052245 -0.84191360101684 0.9624771659914244 -3.384299472730284 0.8964509774071184 0.2857026787101622 0.30732881469438206 0.13379521630117777 -5.6979415070496975 -0.6680113891574789 0.1812797931612575 1.066677094660309 -0.1428946683438848 -1.3990493530568011 0.12386357647655644 1.2021835110658847 0.05948050250838699 0.37768934830336487 0.6036059056373384 -2.487304726914058 0.3053687303224391 1.0341227424257025 0.16619337996459008 -1.1068873520214333 0.10878052998440707 0.43895291140187565 -0.07637874340504479 
1.0553625867782521 -0.7794327831266437 -1.8727333309949292 0.566619665912691 -0.14768514626014892 4.558975939039657 0.801127540504331 -1.1214099980367878 0.32088358253854143 0.017547827754206893 -1.5405734350060993 4.650622499932375 -0.6000024093847267 -1.007632308074082 -0.3112505565660893 3.3478443980410586 2.455207900320167 -0.2744132123547836 0.7252929694273823 -0.26179610631000283 -1.9859233497369753 1.7252627673958447 -0.0749235522612962 -3.139670430833855 -0.21121137816714713 0.8188400223127889 -1.0771281473111092 -0.388560155704272 -0.9716007051113005 -1.1916825430273033 -0.36130902489285 -0.1321644490068868 
-2.071437168527558 -1.4535086184197854 -2.3820773344782915 -2.0665455332455633 -1.2049797929206598 0.4082679961103075 -0.7214499588803553 0.4205707708883469 -0.6631783188247469 -0.8571471398173515 0.9993480672180801 -0.03272092002621218 0.24297843263213512 0.8656151363099908 0.9017054795616848 -1.1129729259631884 -0.2065193593843818 0.10034714318839005 1.1740600168087028 -0.686084490639729 0.7089179257335205 0.3017744461817747 0.05681832942058817 -1.8438880095359385 -0.9020638619587429 -0.8616219354264781 0.37262487341788186 -1.094500231130451 -0.7686302421120615 -0.1314220646960464 -0.8527962117449397 -0.4883340130446426 
-0.916892248818902 1.7751201259572698 0.41387066314806265 -0.5116423732386585 -0.008663058256943783 0.833652026915236 -0.15114172536460482 1.16945277322291 -0.16118216587275908 0.01656748805670281 0.6989768064518322 0.7229758127403295 1.2762746530687832 -0.1504518688104146 1.1672373407992445 -0.682458059423848 -0.32337546597221384 2.4168721972882494 -0.9083670069566345 -0.21893454784452776 0.7470016266849507 -0.9626495504896444 0.6400081733659546 1.7579966428549008 0.32194193488926337 -1.0809439938740593 0.8424482228698635 1.7943332999012271 -0.898730419163368 1.8902880540877995 0.510973433741631 0.847845985587388 
-0.9505403759995921 0.3085379749188187 -2.480577340996026 -0.9539888613289268 -1.3662307171193844 -1.1316990132641807 -0.04682688310671812 0.16457213986288255 -0.5891273418870417 0.5946950354530689 0.2746719261057971 0.2751948808942111 -0.3449610954274658 -1.3581940089830145 0.3962278743688782 1.2763353755530056 -0.552314542393086 -0.05446543538458054 1.1684882639459755 -0.3979243981536329 -0.5607944919325061 -2.0621411304854376 -0.11856040247613056 -0.8451808878521783 0.8638753574747489 -0.42870682434856566 -1.2703663064620978 -0.9335776920828701 -1.4584975516703125 -0.09669147139154104 0.33255561153083146 -1.036954599472234 

2.0430431412233236 0.012444190013747858 0.7127022195749867 -0.35168318294162004 8.302480735078317 -0.3860047894006814 -1.1442257054355678 6.3237216351286625 -0.2530759491892155 0.1341666229518808 -1.1868977357661232 -1.4739227775763049 -0.15818566363397435 -0.6590106646262445 -1.754463481783598 -0.2846186196860972 -1.5721153911520676 -0.8429613659442501 4.132445279584147 0.4543998762333727 -0.3053425282991008 0.7117971468763599 -2.083158693208591 0.5514650025174939 -0.21869855324526036 -0.5575960986721544 -0.8192081731616249 -0.3030009624749936 -0.18521456098547828 0.5626273083178619 -1.8872891314125593 -0.5846751388964598 
0.027805382899369 0.16975143786310068 0.12233568883047508 1.2885611600779714 -8.967847187207662 -0.23048226987754303 -0.30302403107898085 -6.514652774047961 -0.1044619365089651 -0.006060034655671717 -0.9507379927251718 2.0010532408881314 0.07739347326691605 -0.08984250690093608 -4.930397665888865 0.5469922477533538 0.7353821004514219 -0.7234746045393154 11.987787772803735 0.19124608629030254 0.13303418348009027 2.2335119382990083 0.45842391419569534 0.23250182828586669 -9.18148006186484 -0.09844602411186275 0.041021318821203114 0.16865150709955726 -2.0741677434010137 -0.9337659345145586 2.8557357193803043 1.00017457192983 
4.274075556086125 0.9523818554478948 1.4225407611590986 -1.364183768750141 -10.508844546530122 1.0367617079624791 0.42905231807062094 -3.2996983529287136 -1.1671020736944713 0.11985297401681524 -1.140363922876021 3.016584281436205 0.8397819890859862 1.2080165955687459 0.08422867098582221 -0.6260255030821307 -6.317260532944895 -1.47522908381873 -7.826538279861892 1.5475020456911732 -0.09566632984478336 1.9771472420928535 -12.64982426338342 14.818160770817935 9.2285745299705 -0.5733797560163253 -0.6932160034719823 0.703507297617114 -9.02244845108642 -0.49618120306516367 1.732243064301625 -1.7048011008815782 
-13.430924833525639 -0.2708558201498104 7.472048436394649 1.9820359021085487 -5.68784884075765 -0.19146467283738483 -0.30072596012283254 7.468361820984032 0.2652037620790568 0.9808112321757718 -3.4295124677484488 3.155792987331317 -1.6010684086417595 1.1804388290555408 -6.849677803000851 4.7888284219280575 -10.291491848405649 -1.014451916984395 -1.9205763637541424 -1.0621914517318973 -1.9752691739472699 1.4067018376566964 6.293804169251446 -5.095876038870347 2.482855625584125 1.1579752728452004 1.285282891720229 0.06510073223943007 0.5256443942521042 2.089474485348392 0.4246476227354312 -0.6116961933095967 
-5.602730028115576 -0.8402550595302201 -14.712995445866783 0.23397983632608269 -6.0374368792787445 -0.17431214635700162 0.22442423874161255 8.865663238468793 1.5223887225770922 0.22777339915061956 3.0927915491735827 -0.07284999965437382 0.017409071131163318 13.274198666560642 -4.959264531552584 -14.326281207648854 1.3179114145206405 2.7641946524327117 -0.8182742680754973 -0.8372443054641573 0.8620733813200652 1.6577662868210892 3.9243276656552837 -0.49411022871038873 2.961869775567316 0.3192227955061974 1.4723423094145869 0.7347485133878089 -0.8218291480963944 0.23740540510111272 0.14475728392134235 -0.8457860890636159 
-2.671039340710329 12.696462326457953 -1.8382380190767704 -0.06643029073966679 -0.6431228768068813 0.9275779807783441 0.6429460724384012 0.7072496804487531 -7.72997476072922 -0.005659539718185648 10.312699537480274 0.40998411115129463 2.9889473788873846 -0.19252420928353672 -0.23623368229880956 0.5777327056007113 0.16951486588905892 -11.298107505914228 -0.1906960267076672 2.0556627367652487 0.40658416489626753 -0.270217930309261 0.34548840704048256 -0.2496597743756623 -0.10303156377030685 -2.001016079506219 -1.9402928721138217 -0.36590990260901257 -0.9573174846060725 0.31395553764646483 -0.9446275269773333 -0.9005965978900043 
0.4585374127132481 -0.31080787300568746 -0.9884174736402916 -0.023581977635187233 0.056750392533944316 2.99924988344332 7.500811847523403 -0.13549724824911238 -7.679911810053416 -9.413837386618324 -3.5752361004861934 -0.7646755772676472 16.066361177181893 0.5042124733686931 -0.014285935140670458 -0.40613671535951223 0.28997129609178945 -4.081393559137805 -0.43023208035478855 -4.575038335527958 3.295904274305058 -3.552484711742789 -0.39192418084101727 -0.003972019632223601 0.9129918582605628 5.796429265475705 0.8819199396561519 -2.04990502418805 -0.7807040360123607 0.0828649809721171 -1.5942449393357534 -0.2955335497882359 
-0.06034763165987043 -0.5113637562703545 0.47110298762536496 -0.03671875546161055 0.3462749964575719 11.06477748498523 -4.984629365264379 -0.6061959749748409 -3.0444230567900714 8.079055393833839 0.7166119294475561 2.107901144777475 -0.14630958814562678 0.8547311064504135 -0.028708232367450414 0.5416049411492166 0.18808611508477444 0.6338604819283316 0.12688308399771228 8.296068289252968 2.156774935286305 0.8786681018444603 0.22404815276153922 -0.1588832185929777 -0.6120147290816145 -13.904977684436167 -3.5046483166502433 3.6013313934291156 0.5241234972376443 1.9291599878946455 0.5686554472941278 -0.6161927230429172 
-0.8848248655275999 -1.9375097256110327 -0.6301006819878334 -0.48790415625404504 -0.014857112438774462 -3.50412819082555 -2.1267968146168856 0.13860716176880036 1.7944539080259858 -4.8061953091237575 1.8102749832063691 0.6310900524489892 0.4676176622473829 0.5747162114637481 -1.5449900339836478 -0.2439618511766105 0.009772247938382647 2.5089720068620447 -0.005741166553964545 12.781183504026794 0.285425830673481 0.816880602709426 0.7857942815988266 -0.35043217146971234 0.9523248024470461 2.5178229958910654 -9.265475756761571 5.9773427432716755 -0.6171735466895989 0.29636402571487896 0.9401951884086632 -1.0751871753130058 

biases
-5.706003299910062 -1.2201123737154767 -4.69755662785149 -0.9003924855705633 3.6559655067330796 3.8586358592020966 7.87145571628483 3.565285223105798 -1.9775004399091882 1.7828195784853318 9.658280455165544 2.5387161440655848 11.766673043818113 0.7368548015960185 14.214911971043891 -0.6759934604808179 3.9340780909440367 -0.6015065406715677 5.6247918188430495 -2.352881100521802 -0.2879160329174305 30.177940229726218 11.396898483464257 -9.165540419571125 -2.3833947768757264 -2.206314607283519 -6.96106069970963 1.923276832715217 -5.649372069669279 10.20623443640702 6.5690001348743685 -0.5645931713792817 
-4.9531786453113495 0.5409244186776507 -2.5809194171529346 -0.4781318891782535 1.3532054661336268 2.260584967172651 -2.1611456857279188 1.7425976492405553 0.8137442235602806 -1.3057421077520082 -1.2818676763440513 0.5417788951129 3.3364367353254893 3.6323614159588806 -1.429334243182532 1.1989234400197466 -4.92005822387219 0.9435763350706646 -0.33249219001098745 -3.284991643124313 -0.4350747377926264 1.5940897525463362 -1.0477026948458903 -0.14072334334425635 -4.07224305810421 1.0964738102312592 -1.1477169428091671 1.8111636472139105 -3.634228261638632 -2.042943870954777 0.5125326170854679 0.28014974580504404 
-2.019663664503441 1.7302446389509676 2.1257909207004215 2.5816396611412333 1.0326986368524822 -0.0056881356231325226 -0.9223192297870889 0.8432038998926858 0.9319970409347337 
